14.769 0.390
-17.741 4.593
-55.535 11.587
-83.988 22.438
-80.800 58.062
-79.975 81.368
-62.713 62.199
-66.711 17.542
-66.873 -7.721
-85.115 -22.448
-124.684 -38.947
-134.904 -48.502
-61.493 -28.798
23.919 -28.358
64.715 -23.297
78.604 -26.460
50.253 -45.879
42.708 -37.434
42.684 -23.589
35.175 -24.763
35.376 -7.292
44.566 4.150
55.108 2.093
78.065 4.688
88.751 0.247
65.506 -6.257
43.532 -7.209
17.646 -9.197
-5.518 -3.092
-33.696 29.278
-27.113 50.954
46.048 92.255
94.556 148.470
20.508 93.452
-38.520 45.834
-116.313 17.495
-131.191 32.963
-99.074 39.301
-108.320 -3.344
-181.087 -27.084
-185.120 -3.174
-88.354 5.652
22.495 2.071
63.626 -5.355
95.623 11.917
90.200 0.100
57.823 1.134
35.514 -4.259
52.141 12.499
46.394 9.214
-4.749 -8.542
-1.247 3.921
15.689 16.536
41.946 15.801
17.670 -6.173
24.905 -3.761
27.942 -4.587
26.718 -2.299
39.393 18.163
55.495 19.473
85.122 6.935
83.060 -16.830
45.889 -36.818
11.236 -36.666
-31.271 -88.653
-87.343 -84.773
-141.655 8.435
-195.563 22.904
-164.229 49.268
-78.226 69.658
-32.331 12.368
-4.114 -75.221
18.095 -104.478
61.068 -126.175
73.288 -156.032
67.384 -87.489
89.234 81.835
124.681 146.311
154.313 149.434
192.853 126.537
137.005 34.581
10.756 -86.628
-91.285 -154.601
-149.931 -156.050
-185.692 -113.140
-249.148 -37.352
-227.235 36.609
-134.254 129.032
-26.956 205.731
-77.449 137.949
-93.823 59.489
-7.857 -50.182
132.810 -147.673
188.505 -177.534
30.850 -143.071
-62.994 56.275
1.639 246.170
115.958 285.017
138.938 98.429
151.035 -158.053
106.107 -179.731
-55.539 -76.746
-179.184 54.203
-107.237 48.556
65.762 22.718
53.441 -16.956
-50.439 -15.992
102.584 10.398
98.459 -1.505
-131.312 2.463
-125.096 28.141
59.980 -0.005
267.345 -0.152
229.782 -12.112
140.260 -13.671
77.271 -42.169
57.358 -20.183
9.964 -0.486
-94.306 -69.934
-149.730 -101.231
-204.319 -57.744
-261.162 -34.163
-320.646 -81.654
-266.727 -30.566
-26.708 164.440
234.367 163.965
382.491 -1.775
425.420 -57.168
319.885 -76.191
326.479 -33.210
220.341 28.711
6.602 91.751
-147.546 177.750
-180.082 136.549
-147.025 80.601
-84.212 -22.299
-26.016 -134.013
1.440 -168.824
-26.669 -123.890
-74.987 -13.766
-88.526 108.522
-171.651 175.366
-228.657 113.062
-278.865 15.461
-303.939 -32.761
-225.239 -58.262
-48.820 -147.520
213.483 -140.399
446.749 -51.807
456.034 -14.222
361.768 22.680
284.818 57.174
127.930 49.053
-110.696 28.610
-342.505 -0.385
-461.933 -2.852
-462.109 -19.332
-384.231 -26.268
-275.780 -31.574
2337.007 758.969
-2407.401 -812.858
174.900 -32.289
275.210 45.415
225.981 91.094
194.364 72.506
157.727 41.055
150.857 47.109
131.756 -3.376
83.818 -92.050
10.045 -127.664
-40.952 -103.916
-81.888 -59.590
-119.983 -35.449
-194.073 12.878
-216.854 52.764
-220.252 103.146
-152.710 190.478
-27.849 178.077
107.864 109.806
276.630 28.793
313.036 -13.663
255.227 -8.527
118.527 -20.517
34.822 -6.406
-37.227 -11.574
-93.415 -63.303
-71.290 -133.570
-0.314 -141.431
23.036 -80.598
-0.943 -44.807
-1.306 -20.197
-30.822 -9.469
-120.633 -16.787
-190.355 -18.826
-147.574 -17.621
-13.640 -11.861
111.456 9.055
170.018 11.372
169.095 -1.144
74.823 -13.131
-4.136 -11.455
-9.374 -9.501
16.370 0.224
10.170 -5.350
-0.154 5.673
-48.958 8.468
-169.537 27.769
-278.211 18.434
-255.947 -1.547
-157.886 -1.957
9.573 -0.630
186.476 11.087
282.940 41.422
291.209 34.535
199.293 -2.964
112.677 4.236
-18.405 -14.954
-123.830 -23.464
-153.728 58.723
-150.784 92.579
-102.425 123.137
-187.589 42.586
-212.156 -101.034
-147.038 -147.223
-25.348 -122.613
112.197 -46.148
165.710 35.365
226.406 181.156
233.044 199.907
230.972 124.332
233.684 -13.613
235.485 -118.021
228.164 -144.643
202.012 -124.317
84.613 -89.919
21.355 -55.026
-17.694 16.652
-33.949 136.743
-112.089 168.703
-189.413 136.634
-189.135 95.229
-98.992 88.208
3.984 109.587
-28.197 61.551
-77.663 -33.594
-103.027 -160.389
-93.073 -248.251
-37.988 -222.034
-14.916 -207.807
89.634 -105.025
210.396 47.827
152.434 139.209
101.101 178.357
22.804 202.506
-113.083 120.686
-158.224 39.208
-153.369 -90.423
-104.535 -163.987
-21.557 -189.056
67.234 -157.442
-9.292 -134.746
-128.694 -63.438
-117.866 19.407
79.079 247.802
61.875 384.499
-84.546 217.174
-206.494 54.191
-259.067 -65.415
-272.919 -161.749
-238.544 -235.870
-127.921 -206.348
-15.775 -111.732
64.570 14.320
64.729 176.036
41.347 283.195
57.476 278.866
106.448 161.461
144.687 -48.693
190.634 -185.247
145.032 -269.670
78.357 -226.630
-10.977 -68.550
42.978 149.273
12.172 272.796
-75.598 192.243
-73.992 61.403
-44.544 2.530
-35.672 0.956
-33.156 -1.516
-0.445 -2.444
72.572 -7.417
185.178 11.212
260.713 5.012
181.723 -3.042
-64.770 12.563
-184.280 -6.781
-242.957 -95.313
-210.371 -174.517
-96.908 -184.380
42.581 -152.167
155.334 -133.381
237.567 -94.997
253.012 -9.415
218.403 158.123
95.345 294.319
-55.668 205.559
-157.271 90.432
-211.933 38.420
-239.500 3.521
-280.912 -46.001
-328.406 -86.859
-315.671 -97.288
2307.546 557.875
-13.705 -146.060
-2370.521 -729.551
306.822 -88.869
422.724 -46.324
456.733 -41.524
354.721 -41.732
194.172 -41.316
83.462 -20.275
52.494 136.526
-17.074 292.822
-62.407 213.549
-154.318 97.324
-234.948 26.741
-304.017 0.411
-360.347 -32.465
-290.480 -30.135
-139.381 -9.372
41.537 44.485
85.218 35.786
105.469 6.634
133.122 -1.832
162.232 -31.342
178.112 -22.160
140.394 -32.686
43.787 -38.430
-4.655 -3.908
-25.794 -10.604
-94.329 -61.285
-86.873 -60.295
-32.359 -66.453
5.794 -85.456
-35.117 -67.508
-113.678 38.764
-152.561 219.479
-180.548 231.255
-81.241 126.630
78.453 45.718
211.407 -17.017
264.498 -29.781
295.130 -17.750
275.590 -20.640
231.568 6.980
90.278 8.635
-28.307 -39.242
-57.095 -82.688
-58.082 -58.028
-32.893 -80.919
6.404 -122.833
63.229 -179.628
88.286 -147.014
22.421 -98.025
-101.778 -45.020
-202.262 3.404
-239.418 -4.347
-254.743 -18.637
-306.178 -13.220
-275.122 -13.893
-183.184 0.976
-44.684 -14.138
48.773 4.645
34.680 3.148
44.277 91.562
112.630 206.741
168.587 242.054
129.570 165.947
147.805 109.017
169.093 -7.730
61.036 -113.511
-126.034 -183.308
-202.480 -207.698
-127.467 -125.292
-32.589 -47.417
-6.702 0.138
-51.406 0.165
-86.590 29.583
-105.940 79.030
-89.143 88.132
-101.558 107.331
-125.785 79.106
-95.163 56.443
-4.775 44.168
183.725 31.239
368.830 -4.792
423.610 -20.360
409.710 -23.772
323.460 -38.309
178.191 -44.457
73.590 -20.634
29.639 7.959
-69.470 18.248
-140.541 17.624
-150.992 18.118
-189.431 13.985
-264.761 -14.556
-289.088 -34.000
-232.754 -30.613
-155.674 -23.418
-75.878 -7.863
2.206 14.206
54.365 5.700
56.816 1.094
48.417 -3.516
79.012 -5.290
145.093 -1.717
155.065 -3.083
114.166 -10.597
65.223 -1.143
40.910 4.410
45.026 9.089
34.216 -4.184
15.035 -5.913
10.183 1.222
2.207 2.452
8.747 5.647
26.162 -0.392
36.593 3.905
17.670 30.706
15.128 30.447
6.796 8.669
-5.849 -4.518
-12.371 -3.886
-44.412 -110.097
-76.619 -229.599
-86.189 -127.063
47.219 88.900
58.248 77.042
15.387 21.755
6.699 10.556
9.408 8.735
4.513 4.854
2.231 1.152
1.099 1.439
5.155 3.836
9.381 -0.949
4.647 0.276
-18.084 21.795
-27.954 28.524
60.746 -32.557
10.486 -30.126
4.059 18.632
33.353 30.414
-78.120 -28.374
48.086 57.762
-14.346 36.219
25.766 -42.278
-32.244 -52.578
-19.068 3.617
28.445 101.711
14.207 -57.835
-1527.856 925.988
0.000 0.000
0.000 0.000
0.000 0.000
0.000 0.000
0.000 0.000
0.000 0.000
0.000 0.000
0.000 0.000
0.000 0.000
0.000 0.000
0.000 0.000
0.000 0.000
0.000 0.000
0.000 0.000
0.000 0.000
0.000 0.000
0.000 0.000
0.000 0.000
0.000 0.000
0.000 0.000
0.000 0.000
0.000 0.000
0.000 0.000
0.000 0.000
0.000 0.000
0.000 0.000
0.000 0.000
0.000 0.000
0.000 0.000
0.000 0.000
1272.000 -712.000
0.000 0.000
0.000 0.000
0.000 0.000
0.000 0.000
0.000 0.000
0.000 0.000
0.000 0.000
0.000 0.000
0.000 0.000
0.000 0.000
0.000 0.000
0.000 0.000
0.000 0.000
0.000 0.000
0.000 0.000
0.000 0.000
0.000 0.000
0.000 0.000
0.000 0.000
0.000 0.000
0.000 0.000
0.000 0.000
0.000 0.000
0.000 0.000
0.000 0.000
0.000 0.000
0.000 0.000
0.000 0.000
0.000 0.000
0.000 0.000
0.000 0.000
0.000 0.000
0.000 0.000
0.000 0.000
0.000 0.000
0.000 0.000
-204.891 16.577
-315.471 530.365
-370.693 58.731
622.811 -388.384
-776.452 356.209
114.108 -28.647
495.263 -380.307
117.084 -56.830
212.095 30.787
-175.532 -51.352
362.832 298.908
-413.525 3.886
-615.509 305.573
900.141 -589.966
91.748 -55.727
-10.414 167.492
268.409 287.508
-1179.186 -26.715
27.111 141.713
-211.956 38.153
-96.196 -24.418
160.079 -60.560
120.130 -57.911
-260.536 80.101
1161.932 -506.617
-827.296 128.345
-227.568 123.139
479.965 212.005
-329.607 -2.630
262.826 20.945
-617.704 51.629
17.714 83.143
152.686 -9.143
690.637 -349.408
-163.114 221.585
251.232 8.236
-598.672 -208.663
-225.925 315.972
62.642 -169.854
29.642 4.239
63.415 154.408
-168.737 1.406
815.898 -686.773
-757.418 683.853
1150.993 -681.539
50.133 -3.418
-6.110 5.665
-39.156 24.375
18.762 -32.847
-805.511 717.210
499.024 -149.362
-594.135 111.379
83.368 -48.988
-563.368 98.526
0.000 0.000
0.000 0.000
0.000 0.000
0.000 0.000
0.000 0.000
0.000 0.000
0.000 0.000
0.000 0.000
0.000 0.000
0.000 0.000
3840.000 0.000
